[5.69016076,	0.04598425	8.69999016
[5.6891601	,0.04010171	8.69612205
[5.68803478,	0.0037664	8.68800525
[5.68243438,	-0.05666339	8.69792651
[5.68414698,	-0.09184383	8.70051837
[5.69108924,	-0.10672244	8.7120374
[5.68789698,	-0.13066601	8.71975394
[5.68910105,	-0.14929134	8.70651903
[5.6810794	,-0.1576542	8.69450459
[5.68107283,	-0.18617782	8.68780512
[5.68091207,	-0.20652887	8.69059711
[5.68090879,	-0.23016076	8.68891404
[5.68240486,	-0.25336942	8.68893373
[5.68432743,	-0.26175853	8.6846063
[5.68257546,	-0.28155512	8.67929462
[5.68076772,	-0.30668635	8.6823622
[5.66204396,	-0.32014436	8.69167979
[5.62748031,	-0.39252625	8.76773294
[5.63059383,	-0.39954068	8.77501969
[5.62897966,	-0.41711614	8.79451444
[5.62166667,	-0.43246063	8.81569226
[5.61271982,	-0.45584646	8.84673556
[5.61460958,	-0.47409121	8.87455052
[5.60975394,	-0.48801181	8.89511811
[5.58710302,	-0.48779856	8.90628609
[5.58223425,	-0.49878281	8.93505906
[5.68157808,	-0.52108268	8.9314206
[5.68260499,	-0.58598097	8.92024278
[5.68414698,	-0.60742782	8.91523294
[5.67887139,	-0.62228675	8.9005479
[5.68061352,	-0.64405184	8.9060105
[5.65685039,	-0.68066273	8.92033136
[5.65283465,	-0.70182743	8.9191601
[5.65100394,	-0.73141732	8.92128609
[5.64535761,	-0.77062664	8.9201542
[5.64312664,	-0.78941273	8.91889108
[5.63613517,	-0.79120407	8.90888123
[5.63864829,	-0.81002953	8.84863845
[5.63257218,	-0.84428478	8.81205052
[5.60333661,	-0.8656857	8.78469488
[5.60206037,	-0.90424213	8.7501378
[5.59604987,	-0.90899934	8.69442585
[5.58822835,	-0.9149836	8.67825459
[5.56983268,	-1.02487861	8.70023294
[5.63145997,	-1.09472441	8.6876706
[5.58716535,	-1.07497703	8.67687992
[5.5989042	,-1.09499672	8.67117126
[5.58865486,	-1.14675197	8.70337598
[5.57268373,	-1.12162073	8.68835958
[5.59804462,	-1.19672244	8.69250328
[5.58713255,	-1.21339239	8.68665026
[5.5820899	,-1.23422572	8.67379265
[5.57965223,	-1.24464239	8.68337927
[5.60385827,	-1.26437008	8.68031824
[5.59613189,	-1.29073819	8.68497047
[5.59683727,	-1.31468504	8.68529856
[5.59746391,	-1.33439633	8.68725066
[5.60484252,	-1.30732283	8.7409252
[5.58852034,	-1.3838189	8.73506234
[5.57610892,	-1.3260105	8.77568241
[5.58961286,	-1.3659252	8.77711942
[5.59038058,	-1.46665682	8.89580709
[5.53621391,	-1.5492126	8.90906824
[5.60571194,	-1.5494685	8.895479
[5.60302822,	-1.5738878	8.8820899
[5.6196916	,-1.60367782	8.87608596
[5.60845472,	-1.61511155	8.88388123
[5.6024147	,-1.64094816	8.89635827
[5.60444226,	-1.64751969	8.89658136
[5.61012139,	-1.68460958	8.89722441
[5.62253609,	-1.71037073	8.90072835
[5.6213189	,-1.73360892	8.89674213
[5.61408793,	-1.76031496	8.901729
[5.61100722,	-1.77041339	8.89191601
[5.60947178,	-1.77840879	8.86964239
[5.61183071,	-1.78951115	8.83464895
[5.61489173,	-1.7932021	8.81908465
[5.60661417,	-1.79879593	8.80449475
[5.58886483,	-1.86570866	8.72707677
[5.58690617,	-1.8674311	8.68048556
[5.70810367,	-1.92822178	8.72609908
[5.67395997,	-1.96783465	8.68931102
[5.6699311	,-1.99725722	8.6807874
[5.6687664	,-2.06733268	8.68455381
[5.66302822,	-2.12578412	8.68454068
[5.65848097,	-2.2106857	8.66779856
[5.6479101	,-2.26753281	8.67501312
[5.6375	-2.,33605315	8.67476706
[5.61028871,	-2.38875984	8.72871391
[5.6173294	,-2.41335958	8.7596752
[5.64725394,	-2.55448163	8.93153215
[5.61816929,	-2.77096129	8.9314042
[5.6107021	,-2.77362533	8.87216207
[5.60770013,	-2.78041995	8.82563976
[5.61305118,	-2.79145341	8.79097113
[5.60987533,	-2.81669619	8.76084646
[5.61454396,	-2.80618438	8.72510171
[5.61860564,	-2.81043307	8.70438976
[5.62005249,	-2.83687336	8.67848097
[5.5946916	,-2.99065617	8.67933071
[5.63733268,	-3.04320866	8.67404856
[5.65068898,	-3.10205052	8.6747605
[5.6529626	,-3.15499344	8.6797605
[5.67049541,	-3.22919619	8.66881234
[5.66457349,	-3.32413058	8.66995079
[5.58417651,	-3.52952428	8.95812664
[4.87770341,	-0.00868438	8.70925853
[4.34223753,	-0.03526247	8.69801837
[3.82294619,	-0.03816601	8.69957021
[3.11004265,	-0.04219816	8.699229
[2.48919291,	-0.02666339	8.69910761
[4.98661745,	-0.14218504	8.72286745
[4.63201444,	-0.13801509	8.71854987
[3.92897966,	-0.12396654	8.71297244
[3.02792323,	-0.12819882	8.71409449
[2.42354987,	-0.1209252	8.71152231
[4.86494751,	-0.26666667	8.69137139
[4.10968832,	-0.27227362	8.68749344
[3.41599081,	-0.26517388	8.69644685
[4.67577756,	-0.55860236	8.9319521
[4.84171588,	-0.51738517	8.92848753
[3.81426181,	-0.55544619	8.925771
[3.01231627,	-0.51103346	8.91378609